01 - Simple

14430 0
1
6180 4500
1
6180 8999


02 - 2 zombies

8241 0
2
5241 6100
12291 6000
2
10141 7000
1741 7100


03 - 2 zombies redux

5000 8474
2
7999 2974
11999 2974
2
0 2974
14749 2974


04 - Scared human

7999 5889
1
7999 3389
2
13999 1389
1999 1389


05 - 3 vs 3

9116 6999
2
2016 2999
10616 7799
3
8616 1499
15516 2499
3616 7499


06 - Combo opportunity

15499 7091
6
15499 6091
15989 8091
15899 5591
15899 6591
15869 7591
15989 7091
10
1499 5091
5999 7091
2999 7091
3999 7091
6999 7091
1999 7091
4999 7091
999 6091
99 3091
7999 7091


07 - Rows to defend

15999 4392
2
15999 392
15999 7392
16
4999 392
6999 7392
6999 392
10999 7392
1499 7392
1499 392
10999 392
1999 392
1999 7392
2999 7392
8999 7392
8999 392
999 7392
4999 7392
999 392
2999 392


08 - Rows to defend redux

15999 4207
2
15999 1207
15999 8207
20
12999 1207
2999 1207
2999 8207
8999 8207
1999 8207
6999 8207
4999 1207
10999 8207
8999 1207
999 1207
4999 8207
1499 8207
6999 1207
999 8207
12999 8207
1999 1207
11999 1207
10999 1207
1499 1207
11999 8207


09 - Rectangle

5354 4499
4
9354 2249
1354 6749
1354 2249
93549 6749
12
3354 2249
1354 3374
1354 4499
9354 5624
9354 3374
5354 6749
7354 6749
1354 5624
3354 6749
7354 2249
9354 4499
5354 2249


10 - Cross

8000 8797
3
0 4297
15999 4297
8000 798
23
14000 8197
9000 3397
13000 997
11000 2197
4000 2197
2000 7597
12000 1597
13000 7597
11000 6397
10000 2797
12000 6997
5000 5797
3000 6997
14000 397
5000 2797
6000 5197
2000 997
6000 3397
3000 1597
1000 397
9000 5197
4000 6397
10000 5797


11 - Unavoidable deaths

6999 8007
3
7999 692
15999 4191
0 4191
9
8499 3219
11499 2135
2499 1243
14499 2440
15999 5658
9999 4786
5499 6499
3999 2123
12999 6189


12 - Columns of death

7999 4774
2
15999 4774
999 4774
9
5333 3374
5333 6974
5333 5174
11666 3374
5333 1574
11666 5174
11666 6974
11666 1574
15999 1574


13 - Rescue mission

10425 2189
10
525 5129
4476 749
2316 2009
5185 3399
5650 1779
15295 4189
2357 3179
453 3819
14464 7789
8087 6869
14
13190 7349
12226 4399
7795 1449
13827 8719
12006 4849
7349 4919
8317 8039
4297 8279
3188 5229
6728 4109
5727 6179
2316 8849
14451 1659
13095 3819


14 - Triangle

7979 4489
3
11999 4489
4999 6989
4999 1989
5
15999 4989
999 6989
15879 3989
999 1989
15879 4489


15 - Grave danger

3900 2913
4
12000 4413
3000 2913
3000 4913
3000 913
6
0 6713
10000 1913
10000 6913
15500 4313
15500 5913
15500 2913


16 - Grid

4329 5740
3
4011 8018
7203 8190
642 2890
11
13896 5331
4263 2748
7650 5087
548 8843
10469 8288
10727 2863
13569 8586
543 5372
7060 2425
13433 2746
10154 5776


17 - Hoard

4705 5740
4
776 5737
4363 8615
3079 5577
3107 7398
30
8538 8553
5721 1680
3963 1335
4668 2856
10266 2152
9200 6986
8286 5661
7131 1905
11776 8746
10385 7031
10520 4845
9918 8173
14864 8349
9076 4232
2514 2317
11651 4022
3126 3087
5331 3004
13284 8191
7287 7106
7284 2914
9765 3529
10496 5388
8920 3420
8875 1552
13026 4385
14607 4697
7201 8500
746 2201
1629 3363


18 - Flanked!

11486 3259
8
5 384
4112 422
14084 1601
415 1262
14828 384
4084 1601
14112 422
15415 1262
18
6975 7094
7975 3798
8975 4682
6475 7000
6475 5664
14475 7900
4475 7500
12475 8500
2475 8500
8475 6500
15475 7000
7675 8447
7575 1579
10475 7500
7975 6319
475 7800
7375 8847
6975 2470


19 - Split-second reflex

7999 7071
2
1999 7071
12999 7071
2
13499 7071
499 9071


20 - Swervy pattern

440 4499
6
9690 999
7440 3499
3940 7999
7440 5499
440 8499
13440 4499
8
9430 4499
9440 3499
4040 5499
3840 2499
11440 4999
4140 4499
9440 5499
9540 8989


21 - Devastation

8007 8359
15
15242 3600
15489 8225
9423 719
14583 7464
2659 5718
14880 788
504 5090
2191 4786
817 6239
14889 8543
12832 535
13881 2038
7295 1331
644 3583
435 7695
7
10671 1439
12003 4899
4677 5591
4677 8359
12003 7667
12003 4207
8007 3515